0 0.526968 0.680581 0.199630 0.158589
0 0.230148 0.542184 0.362491 0.218674
0 0.771255 0.558930 0.341472 0.175333
0 0.325005 0.354246 0.302954 0.133966
0 0.225076 0.261141 0.139560 0.076344
0 0.538535 0.502805 0.169032 0.088240
0 0.533062 0.401566 0.148366 0.084138
0 0.781144 0.398488 0.211602 0.102607
0 0.712435 0.285620 0.356315 0.139547
0 0.587694 0.163535 0.237500 0.064299
1 0.713220 0.208423 0.132458 0.089471
1 0.886944 0.468603 0.177546 0.112867
1 0.516181 0.385715 0.094583 0.060852
1 0.509424 0.484521 0.079384 0.075104
2 0.516931 0.334457 0.087472 0.069628
1 0.298243 0.392704 0.231005 0.033576
1 0.204979 0.271659 0.034819 0.014552
2 0.825359 0.324191 0.166468 0.042773
